1 1 5.000000
1 2 5.000000
1 3 5.000000
1 4 5.000000
1 5 5.000000
1 6 5.000000
1 7 5.000000
1 8 5.000000
1 9 5.000000
1 10 5.000000
1 11 5.000000
1 12 5.000000
1 13 5.000000
1 14 5.000000
1 15 5.000000
1 16 5.000000
1 17 5.000000
1 18 5.000000
2 1 5.000000
2 2 5.000000
2 3 5.000000
2 4 5.000000
2 5 5.000000
2 6 5.000000
2 7 5.000000
2 8 5.000000
2 9 5.000000
2 10 5.000000
2 11 5.000000
2 12 5.000000
2 13 5.000000
2 14 5.000000
2 15 5.000000
2 16 5.000000
2 17 5.000000
2 18 5.000000
3 1 5.000000
3 2 5.000000
3 3 5.000000
3 4 5.000000
3 5 5.000000
3 6 5.000000
3 7 5.000000
3 8 5.000000
3 9 5.000000
3 10 5.000000
3 11 5.000000
3 12 5.000000
3 13 5.000000
3 14 5.000000
3 15 5.000000
3 16 5.000000
3 17 5.000000
3 18 5.000000
4 1 5.000000
4 2 5.000000
4 3 5.000000
4 4 5.000000
4 5 5.000000
4 6 5.000000
4 7 5.000000
4 8 5.000000
4 9 5.000000
4 10 5.000000
4 11 5.000000
4 12 5.000000
4 13 5.000000
4 14 5.000000
4 15 5.000000
4 16 5.000000
4 17 5.000000
4 18 5.000000
5 1 5.000000
5 2 5.000000
5 3 5.000000
5 4 5.000000
5 5 5.000000
5 6 5.000000
5 7 5.000000
5 8 5.000000
5 9 5.000000
5 10 5.000000
5 11 5.000000
5 12 5.000000
5 13 5.000000
5 14 5.000000
5 15 5.000000
5 16 5.000000
5 17 5.000000
5 18 5.000000
6 1 5.000000
6 2 5.000000
6 3 5.000000
6 4 5.000000
6 5 5.000000
6 6 7.000000
6 7 7.000000
6 8 7.000000
6 9 7.000000
6 10 7.000000
6 11 7.000000
6 12 7.000000
6 13 7.000000
6 14 7.000000
6 15 5.000000
6 16 5.000000
6 17 5.000000
6 18 5.000000
7 1 5.000000
7 2 5.000000
7 3 5.000000
7 4 5.000000
7 5 5.000000
7 6 7.000000
7 7 7.000000
7 8 7.000000
7 9 7.000000
7 10 7.000000
7 11 7.000000
7 12 7.000000
7 13 7.000000
7 14 7.000000
7 15 5.000000
7 16 5.000000
7 17 5.000000
7 18 5.000000
8 1 5.000000
8 2 5.000000
8 3 5.000000
8 4 5.000000
8 5 5.000000
8 6 7.000000
8 7 7.000000
8 8 7.000000
8 9 7.000000
8 10 7.000000
8 11 7.000000
8 12 7.000000
8 13 7.000000
8 14 7.000000
8 15 5.000000
8 16 5.000000
8 17 5.000000
8 18 5.000000
9 1 1.890592
9 2 3.430006
9 3 4.493882
9 4 5.196986
9 5 5.722058
9 6 6.165638
9 7 6.522791
9 8 6.763415
9 9 6.888967
9 10 6.925852
9 11 6.888740
9 12 6.761405
9 13 6.510603
9 14 6.111729
9 15 5.542029
9 16 4.733130
9 17 3.558768
9 18 1.940676
10 1 1.890592
10 2 3.430006
10 3 4.493882
10 4 5.196986
10 5 5.722058
10 6 6.165638
10 7 6.522791
10 8 6.763415
10 9 6.888967
10 10 6.925852
10 11 6.888740
10 12 6.761405
10 13 6.510603
10 14 6.111729
10 15 5.542029
10 16 4.733130
10 17 3.558768
10 18 1.940676
11 1 1.890124
11 2 3.428212
11 3 4.488589
11 4 5.184477
11 5 5.698656
11 6 6.129620
11 7 6.475881
11 8 6.709289
11 9 6.831408
11 10 6.867329
11 11 6.831180
11 12 6.707279
11 13 6.463693
11 14 6.075711
11 15 5.518627
11 16 4.720621
11 17 3.553497
11 18 1.939004
12 1 1.887684
12 2 3.421125
12 3 4.470981
12 4 5.147031
12 5 5.631687
12 6 6.029185
12 7 6.345922
12 8 6.559578
12 9 6.671666
12 10 6.704809
12 11 6.671439
12 12 6.557568
12 13 6.333734
12 14 5.975276
12 15 5.451659
12 16 4.683237
12 17 3.536207
12 18 1.932882
13 1 1.877723
13 2 3.397520
13 3 4.423496
13 4 5.058140
13 5 5.483756
13 6 5.814354
13 7 6.072167
13 8 6.245169
13 9 6.336214
13 10 6.363146
13 11 6.335986
13 12 6.243159
13 13 6.059979
13 14 5.760445
13 15 5.303835
13 16 4.595015
13 17 3.491026
13 18 1.914608
14 1 1.842752
14 2 3.325865
14 3 4.304348
14 4 4.868709
14 5 5.198505
14 6 5.422328
14 7 5.585337
14 8 5.692429
14 9 5.748396
14 10 5.764978
14 11 5.748169
14 12 5.690419
14 13 5.573148
14 14 5.368548
14 15 5.019575
14 16 4.409759
14 17 3.383280
14 18 1.865445
15 1 1.737983
15 2 3.127188
15 3 4.016260
15 4 4.476737
15 5 4.678498
15 6 4.763156
15 7 4.803272
15 8 4.824243
15 9 4.834117
15 10 4.836871
15 11 4.833890
15 12 4.822233
15 13 4.791191
15 14 4.710387
15 15 4.504776
15 16 4.035256
15 17 3.137050
15 18 1.741652
16 1 5.000000
16 2 5.000000
16 3 5.000000
16 4 5.000000
16 5 5.000000
16 6 5.000000
16 7 5.000000
16 8 5.000000
16 9 5.000000
16 10 5.000000
16 11 5.000000
16 12 5.000000
16 13 5.000000
16 14 5.000000
16 15 5.000000
16 16 5.000000
16 17 5.000000
16 18 5.000000
17 1 5.000000
17 2 5.000000
17 3 5.000000
17 4 5.000000
17 5 5.000000
17 6 5.000000
17 7 5.000000
17 8 5.000000
17 9 5.000000
17 10 5.000000
17 11 5.000000
17 12 5.000000
17 13 5.000000
17 14 5.000000
17 15 5.000000
17 16 5.000000
17 17 5.000000
17 18 5.000000
18 1 5.000000
18 2 5.000000
18 3 5.000000
18 4 5.000000
18 5 5.000000
18 6 5.000000
18 7 5.000000
18 8 5.000000
18 9 5.000000
18 10 5.000000
18 11 5.000000
18 12 5.000000
18 13 5.000000
18 14 5.000000
18 15 5.000000
18 16 5.000000
18 17 5.000000
18 18 5.000000

