1 1 5.000000
1 2 5.000000
1 3 5.000000
1 4 5.000000
1 5 5.000000
1 6 5.000000
1 7 5.000000
1 8 5.000000
1 9 5.000000
1 10 5.000000
1 11 5.000000
1 12 5.000000
1 13 5.000000
1 14 5.000000
1 15 5.000000
1 16 5.000000
1 17 5.000000
1 18 5.000000
2 1 5.000000
2 2 5.000000
2 3 5.000000
2 4 5.000000
2 5 5.000000
2 6 5.000000
2 7 5.000000
2 8 5.000000
2 9 5.000000
2 10 5.000000
2 11 5.000000
2 12 5.000000
2 13 5.000000
2 14 5.000000
2 15 5.000000
2 16 5.000000
2 17 5.000000
2 18 5.000000
3 1 5.000000
3 2 5.000000
3 3 5.000000
3 4 5.000000
3 5 5.000000
3 6 5.000000
3 7 5.000000
3 8 5.000000
3 9 5.000000
3 10 5.000000
3 11 5.000000
3 12 5.000000
3 13 5.000000
3 14 5.000000
3 15 5.000000
3 16 5.000000
3 17 5.000000
3 18 5.000000
4 1 5.000000
4 2 5.000000
4 3 5.000000
4 4 5.000000
4 5 5.000000
4 6 5.000000
4 7 5.000000
4 8 5.000000
4 9 5.000000
4 10 5.000000
4 11 5.000000
4 12 5.000000
4 13 5.000000
4 14 5.000000
4 15 5.000000
4 16 5.000000
4 17 5.000000
4 18 5.000000
5 1 5.000000
5 2 5.000000
5 3 5.000000
5 4 5.000000
5 5 5.000000
5 6 5.000000
5 7 5.000000
5 8 5.000000
5 9 5.000000
5 10 5.000000
5 11 5.000000
5 12 5.000000
5 13 5.000000
5 14 5.000000
5 15 5.000000
5 16 5.000000
5 17 5.000000
5 18 5.000000
6 1 5.000000
6 2 5.000000
6 3 5.000000
6 4 5.000000
6 5 5.000000
6 6 7.000000
6 7 7.000000
6 8 7.000000
6 9 7.000000
6 10 7.000000
6 11 7.000000
6 12 7.000000
6 13 7.000000
6 14 7.000000
6 15 5.000000
6 16 5.000000
6 17 5.000000
6 18 5.000000
7 1 5.000000
7 2 5.000000
7 3 5.000000
7 4 5.000000
7 5 5.000000
7 6 7.000000
7 7 7.000000
7 8 7.000000
7 9 7.000000
7 10 7.000000
7 11 7.000000
7 12 7.000000
7 13 7.000000
7 14 7.000000
7 15 5.000000
7 16 5.000000
7 17 5.000000
7 18 5.000000
8 1 5.000000
8 2 5.000000
8 3 5.000000
8 4 5.000000
8 5 5.000000
8 6 7.000000
8 7 7.000000
8 8 7.000000
8 9 7.000000
8 10 7.000000
8 11 7.000000
8 12 7.000000
8 13 7.000000
8 14 7.000000
8 15 5.000000
8 16 5.000000
8 17 5.000000
8 18 5.000000
9 1 5.000000
9 2 5.000000
9 3 5.000000
9 4 5.000000
9 5 5.000000
9 6 7.000000
9 7 7.000000
9 8 7.000000
9 9 7.000000
9 10 7.000000
9 11 7.000000
9 12 7.000000
9 13 7.000000
9 14 7.000000
9 15 5.000000
9 16 5.000000
9 17 5.000000
9 18 5.000000
10 1 5.000000
10 2 5.000000
10 3 5.000000
10 4 5.000000
10 5 5.000000
10 6 7.000000
10 7 7.000000
10 8 7.000000
10 9 7.000000
10 10 7.000000
10 11 7.000000
10 12 7.000000
10 13 7.000000
10 14 7.000000
10 15 5.000000
10 16 5.000000
10 17 5.000000
10 18 5.000000
11 1 5.000000
11 2 5.000000
11 3 5.000000
11 4 5.000000
11 5 5.000000
11 6 7.000000
11 7 7.000000
11 8 7.000000
11 9 7.000000
11 10 7.000000
11 11 7.000000
11 12 7.000000
11 13 7.000000
11 14 7.000000
11 15 5.000000
11 16 5.000000
11 17 5.000000
11 18 5.000000
12 1 5.000000
12 2 5.000000
12 3 5.000000
12 4 5.000000
12 5 5.000000
12 6 7.000000
12 7 7.000000
12 8 7.000000
12 9 7.000000
12 10 7.000000
12 11 7.000000
12 12 7.000000
12 13 7.000000
12 14 7.000000
12 15 5.000000
12 16 5.000000
12 17 5.000000
12 18 5.000000
13 1 5.000000
13 2 5.000000
13 3 5.000000
13 4 5.000000
13 5 5.000000
13 6 7.000000
13 7 7.000000
13 8 7.000000
13 9 7.000000
13 10 7.000000
13 11 7.000000
13 12 7.000000
13 13 7.000000
13 14 7.000000
13 15 5.000000
13 16 5.000000
13 17 5.000000
13 18 5.000000
14 1 1.737983
14 2 3.127188
14 3 4.016260
14 4 4.476737
14 5 4.678498
14 6 4.763156
14 7 4.803272
14 8 4.824243
14 9 4.834117
14 10 4.836871
14 11 4.833890
14 12 4.822233
14 13 4.791191
14 14 4.710387
14 15 4.504776
14 16 4.035256
14 17 3.137050
14 18 1.741652
15 1 1.737983
15 2 3.127188
15 3 4.016260
15 4 4.476737
15 5 4.678498
15 6 4.763156
15 7 4.803272
15 8 4.824243
15 9 4.834117
15 10 4.836871
15 11 4.833890
15 12 4.822233
15 13 4.791191
15 14 4.710387
15 15 4.504776
15 16 4.035256
15 17 3.137050
15 18 1.741652
16 1 1.580391
16 2 2.845018
16 3 3.655783
16 4 4.075886
16 5 4.258552
16 6 4.332967
16 7 4.366379
16 8 4.383058
16 9 4.390651
16 10 4.392741
16 11 4.390424
16 12 4.381110
16 13 4.354898
16 14 4.283617
16 15 4.097818
16 16 3.670534
16 17 2.852531
16 18 1.583138
17 1 1.233080
17 2 2.221421
17 3 2.856754
17 4 3.186314
17 5 3.328236
17 6 3.383641
17 7 3.406525
17 8 3.416963
17 9 3.421451
17 10 3.422612
17 11 3.421247
17 12 3.415284
17 13 3.396979
17 14 3.343507
17 15 3.199652
17 16 2.865521
17 17 2.225766
17 18 1.234585
18 1 0.684700
18 2 1.234270
18 3 1.588390
18 4 1.772325
18 5 1.850985
18 6 1.880700
18 7 1.892038
18 8 1.896765
18 9 1.898624
18 10 1.899089
18 11 1.898494
18 12 1.895754
18 13 1.886439
18 14 1.857646
18 15 1.778064
18 16 1.592106
18 17 1.236016
18 18 0.685276

